lastAccountName: Kaiya
timestamps:
  login: 1424137658752
  logout: 1424137667004
ipAddress: 65.190.80.88
logoutlocation:
  world: boneyard
  x: -58.16779595142573
  y: 79.24918707874468
  z: 174.0439131171455
  yaw: 173.26093
  pitch: 11.0591955
