lastAccountName: DNyo4
timestamps:
  login: 1424148660923
  logout: 1424148692517
  kits:
    noob: 1424148685218
ipAddress: 73.181.247.126
logoutlocation:
  world: boneyard
  x: -58.69042294454391
  y: 78.0
  z: 180.3741119661059
  yaw: -206.06174
  pitch: 1.8092064
lastlocation:
  world: boneyard
  x: 262.7683113541075
  y: 66.0
  z: -481.63875366719594
  yaw: -202.91377
  pitch: -8.703365
