lastAccountName: IproIwan
timestamps:
  login: 1424039328715
  logout: 1424039506255
ipAddress: 151.225.82.176
logoutlocation:
  world: boneyard
  x: -63.39199983027988
  y: 125.0
  z: -89.75838735618193
  yaw: -185.55298
  pitch: 25.199924
nickname: IproIwan
