lastAccountName: JMine29
timestamps:
  login: 1424220721997
  logout: 1424221361615
ipAddress: 98.68.191.251
logoutlocation:
  world: boneyard
  x: -59.71078548215715
  y: 85.82790536533982
  z: 141.20998633150495
  yaw: 357.20514
  pitch: -0.0063283565
