lastAccountName: tuliscool
timestamps:
  login: 1424137788461
  logout: 1424137797116
ipAddress: 73.181.247.126
logoutlocation:
  world: boneyard
  x: -57.07661850149709
  y: 78.0
  z: 190.89256953303945
  yaw: -260.46732
  pitch: -32.3136
