lastAccountName: Profiles
timestamps:
  login: 1424137685612
  logout: 1424137709525
ipAddress: 65.190.80.88
logoutlocation:
  world: boneyard
  x: -57.84474189166884
  y: 78.0
  z: 184.702314657235
  yaw: -181.24818
  pitch: 16.588789
