world: boneyard
x: -56.5
y: 148.0
z: -43.5
yaw: -180.99292
pitch: -1.0499841
name: a
