world: boneyard
x: -6.5
y: 150.0
z: -44.5
yaw: -179.94289
pitch: 1.650019
name: c
