world: boneyard
x: -25.919203339510805
y: 82.0
z: 177.86727372268885
yaw: 271.0518
pitch: 6.457314
name: crates
