world: boneyard
x: 11.5
y: 150.0
z: -45.5
yaw: -180.54282
pitch: -0.29997134
name: d
