world: boneyard
x: 33.41984821096964
y: 150.0
z: -45.50519841467774
yaw: -180.09274
pitch: 0.29999608
name: e
