world: boneyard
x: 48.5
y: 154.0
z: -47.5
yaw: -180.09279
pitch: -0.449993
name: f
