world: boneyard
x: 794.8884705301939
y: 69.0
z: -781.6297810265095
yaw: 16.706055
pitch: 25.535242
name: Free
