world: boneyard
x: 63.5
y: 151.0
z: -48.5
yaw: -179.79272
pitch: 0.6000018
name: g
