world: boneyard
x: 80.5
y: 151.0
z: -50.5
yaw: -180.54285
pitch: 0.7499898
name: h
