world: boneyard
x: -174.30000001192093
y: 82.0
z: -126.05033482712095
yaw: 93.52463
pitch: 29.809555
name: Hell
