world: boneyard
x: 97.5
y: 151.0
z: -53.5
yaw: -179.94287
pitch: 0.45000502
name: i
