world: boneyard
x: 113.5
y: 151.0
z: -54.5
yaw: -180.09294
pitch: 4.6499825
name: j
