world: boneyard
x: 128.5
y: 152.0
z: -54.5
yaw: -180.69286
pitch: 1.3499922
name: k
