world: boneyard
x: 141.5
y: 152.0
z: -54.5
yaw: -179.94286
pitch: -0.4500316
name: L
