world: boneyard
x: 405.50384402785124
y: 195.0
z: 74.59306570345287
yaw: -180.97046
pitch: 36.149994
name: Mineparty
