world: boneyard
x: 181.5049192381557
y: 152.0
z: -54.30000001192093
yaw: -179.79298
pitch: -0.15002456
name: N
