world: boneyard
x: 199.5
y: 155.0
z: -54.5
yaw: -179.34296
pitch: 2.2500188
name: o
