world: boneyard
x: 214.5
y: 155.0
z: -54.5
yaw: -179.19295
pitch: 2.699999
name: P
