world: PlotWorld
x: 0.5
y: 65.0
z: 0.5
yaw: -180.60219
pitch: 5.3323436
name: plots
