world: boneyard
x: 229.5
y: 155.0
z: -54.5
yaw: -179.79298
pitch: 2.700001
name: Q
