world: boneyard
x: 249.5
y: 155.0
z: -55.5
yaw: -180.54286
pitch: -2.5500143
name: R
