world: boneyard
x: 12.528580599732221
y: 71.0
z: -45.52742984771351
yaw: 181.052
pitch: 9.299752
name: rules
