world: boneyard
x: 266.45043300267577
y: 157.0
z: -56.30000001192093
yaw: -179.793
pitch: -1.3500017
name: s
