world: boneyard
x: -58.58259129312292
y: 78.0
z: 182.0793231817557
yaw: -227.94293
pitch: 14.250015
name: spawn
