world: battledome
x: 326.312244195631
y: 109.75
z: -273.32777635857457
yaw: -181.45496
pitch: 77.94306
name: spawnb
