world: boneyard
x: 25.135884306874583
y: 67.0
z: 38.277238911063954
yaw: 229.3474
pitch: -13.799994
name: staff
