world: staffworld
x: 0.004900929543386001
y: 4.0
z: 0.10305273509519758
yaw: 0.17416382
pitch: 4.199986
name: staffworld
