world: boneyard
x: 281.5
y: 157.0
z: -56.5
yaw: -180.39293
pitch: -0.14998022
name: t
