world: boneyard
x: 294.5
y: 157.0
z: -56.5
yaw: 179.75714
pitch: 0.75001574
name: u
