world: boneyard
x: 309.5
y: 157.0
z: -56.5
yaw: 180.20738
pitch: 1.6500134
name: v
