world: boneyard
x: 322.5
y: 157.0
z: -56.5
yaw: 179.90723
pitch: 1.649973
name: w
