world: boneyard
x: 337.40229743572144
y: 157.0
z: -56.64290591949082
yaw: 181.25714
pitch: 1.4999762
name: x
