world: boneyard
x: 351.43720424378677
y: 157.0
z: -56.349883968520466
yaw: 180.20741
pitch: -1.0500036
name: y
