world: boneyard
x: 366.4728860811574
y: 157.0
z: -56.50517508641436
yaw: 180.6574
pitch: 0.2999965
name: z
